N-C6H14                300.00    1390.00    5000.00  
C6H12                  300.00    1390.00    5000.00  
C6H13O                 300.00    1391.00    5000.00  
C6H13O2                300.00    1389.00    5000.00  
C6H12OOH               300.00    1381.00    5000.00  
C6H12O                 300.00    1390.00    5000.00  
C6H13O4                300.00    1389.00    5000.00  
N-C12H26               300.00    1391.00    5000.00  
N-C10H21               300.00    1390.00    5000.00  
N-C9H19                300.00    1390.00    5000.00  
N-C8H17                300.00    1390.00    5000.00  
C12H25                 300.00    1385.00    5000.00  
C9H18                  300.00    1392.00    5000.00  
C10H20                 300.00    1392.00    5000.00  
C12H24                 300.00    1391.00    5000.00  
C12H25O                300.00    1390.00    5000.00  
C8H15                  300.00    1385.00    5000.00  
C12H23                 300.00    1388.00    5000.00  
C9H17                  300.00    1385.00    5000.00  
C12H25O2               300.00    1389.00    5000.00  
C12H24OOH              300.00    1389.00    5000.00  
C12H24O                300.00    1395.00    5000.00  
C12H24O3               300.00    1394.00    5000.00  
C8H17O2                300.00    1388.00    5000.00  
C8H16OOH               300.00    1386.00    5000.00  
C8H17O4                300.00    1388.00    5000.00  
C8H16O3                300.00    1395.00    5000.00  
C6H11                  300.00    1388.00    5000.00  
