thermo nasa9                                                                       
   200.000  1000.000  6000.000 20000.000   9/09/04
AR                Ref-Elm. Moore,1971. Gordon,1999.                             
 3 g 3/98 Ar  1.00    0.00    0.00    0.00    0.00 0   39.9480000          0.000
    200.000   1000.0007 -2.0 -1.0  0.0  1.0  2.0  3.0  4.0  0.0         6197.428
 0.000000000D+00 0.000000000D+00 2.500000000D+00 0.000000000D+00 0.000000000D+00
 0.000000000D+00 0.000000000D+00                -7.453750000D+02 4.379674910D+00
   1000.000   6000.0007 -2.0 -1.0  0.0  1.0  2.0  3.0  4.0  0.0         6197.428
 2.010538475D+01-5.992661070D-02 2.500069401D+00-3.992141160D-08 1.205272140D-11
-1.819015576D-15 1.078576636D-19                -7.449939610D+02 4.379180110D+00
   6000.000  20000.0007 -2.0 -1.0  0.0  1.0  2.0  3.0  4.0  0.0         6197.428
-9.951265080D+08 6.458887260D+05-1.675894697D+02 2.319933363D-02-1.721080911D-06
 6.531938460D-11-9.740147729D-16                -5.078300340D+06 1.465298484D+03
H                 D0(H2):Herzberg,1970. Moore,1972. Gordon,1999.                
 3 g 6/97 H   1.00    0.00    0.00    0.00    0.00 0    1.0079400     217998.828
    200.000   1000.0007 -2.0 -1.0  0.0  1.0  2.0  3.0  4.0  0.0         6197.428
 0.000000000D+00 0.000000000D+00 2.500000000D+00 0.000000000D+00 0.000000000D+00
 0.000000000D+00 0.000000000D+00                 2.547370801D+04-4.466828530D-01
   1000.000   6000.0007 -2.0 -1.0  0.0  1.0  2.0  3.0  4.0  0.0         6197.428
 6.078774250D+01-1.819354417D-01 2.500211817D+00-1.226512864D-07 3.732876330D-11
-5.687744560D-15 3.410210197D-19                 2.547486398D+04-4.481917770D-01
   6000.000  20000.0007 -2.0 -1.0  0.0  1.0  2.0  3.0  4.0  0.0         6197.428
 2.173757694D+08-1.312035403D+05 3.399174200D+01-3.813999680D-03 2.432854837D-07
-7.694275540D-12 9.644105630D-17                 1.067638086D+06-2.742301051D+02
HO2               Hf:Hills,1984 & NASA data. Jacox,1998 p153.                   
 2 g 4/02 H   1.00O   2.00    0.00    0.00    0.00 0   33.0067400      12020.000
    200.000  1000.000 7 -2.0 -1.0  0.0  1.0  2.0  3.0  4.0  0.0        10002.162
-7.598882540D+04 1.329383918D+03-4.677388240D+00 2.508308202D-02-3.006551588D-05
 1.895600056D-08-4.828567390D-12 0.000000000D+00-5.873350960D+03 5.193602140D+01
   1000.000  6000.000 7 -2.0 -1.0  0.0  1.0  2.0  3.0  4.0  0.0        10002.162
-1.810669724D+06 4.963192030D+03-1.039498992D+00 4.560148530D-03-1.061859447D-06
 1.144567878D-10-4.763064160D-15 0.000000000D+00-3.200817190D+04 4.066850920D+01
H2                Ref-Elm. Gurvich,1978 pt1 p103 pt2 p31.                       
 3 tpis78 H   2.00    0.00    0.00    0.00    0.00 0    2.0158800          0.000
    200.000   1000.0007 -2.0 -1.0  0.0  1.0  2.0  3.0  4.0  0.0         8468.102
 4.078323210D+04-8.009186040D+02 8.214702010D+00-1.269714457D-02 1.753605076D-05
-1.202860270D-08 3.368093490D-12                 2.682484665D+03-3.043788844D+01
   1000.000   6000.0007 -2.0 -1.0  0.0  1.0  2.0  3.0  4.0  0.0         8468.102
 5.608128010D+05-8.371504740D+02 2.975364532D+00 1.252249124D-03-3.740716190D-07
 5.936625200D-11-3.606994100D-15                 5.339824410D+03-2.202774769D+00
   6000.000  20000.0007 -2.0 -1.0  0.0  1.0  2.0  3.0  4.0  0.0         8468.102
 4.966884120D+08-3.147547149D+05 7.984121880D+01-8.414789210D-03 4.753248350D-07
-1.371873492D-11 1.605461756D-16                 2.488433516D+06-6.695728110D+02
H2O               Hf:Cox,1989. Woolley,1987. TRC(10/88) tuv25.                  
 2 g 8/89 H   2.00O   1.00    0.00    0.00    0.00 0   18.0152800    -241826.000
    200.000   1000.0007 -2.0 -1.0  0.0  1.0  2.0  3.0  4.0  0.0         9904.092
-3.947960830D+04 5.755731020D+02 9.317826530D-01 7.222712860D-03-7.342557370D-06
 4.955043490D-09-1.336933246D-12                -3.303974310D+04 1.724205775D+01
   1000.000   6000.0007 -2.0 -1.0  0.0  1.0  2.0  3.0  4.0  0.0         9904.092
 1.034972096D+06-2.412698562D+03 4.646110780D+00 2.291998307D-03-6.836830480D-07
 9.426468930D-11-4.822380530D-15                -1.384286509D+04-7.978148510D+00
H2O2              Hf:Gurvich,1989 pt1 p127. Gurvich,1978 pt1 p121.              
 2 g 6/99 H   2.00O   2.00    0.00    0.00    0.00 0   34.0146800    -135880.000
    200.000   1000.0007 -2.0 -1.0  0.0  1.0  2.0  3.0  4.0  0.0        11158.835
-9.279533580D+04 1.564748385D+03-5.976460140D+00 3.270744520D-02-3.932193260D-05
 2.509255235D-08-6.465045290D-12                -2.494004728D+04 5.877174180D+01
   1000.000   6000.0007 -2.0 -1.0  0.0  1.0  2.0  3.0  4.0  0.0        11158.835
 1.489428027D+06-5.170821780D+03 1.128204970D+01-8.042397790D-05-1.818383769D-08
 6.947265590D-12-4.827831900D-16                 1.418251038D+04-4.650855660D+01
N                 Hf:Cox,1989. Moore,1975. Gordon,1999.                         
 3 g 5/97 N   1.00    0.00    0.00    0.00    0.00 0   14.0067000     472680.000
    200.000   1000.0007 -2.0 -1.0  0.0  1.0  2.0  3.0  4.0  0.0         6197.428
 0.000000000D+00 0.000000000D+00 2.500000000D+00 0.000000000D+00 0.000000000D+00
 0.000000000D+00 0.000000000D+00                 5.610463780D+04 4.193905036D+00
   1000.000   6000.0007 -2.0 -1.0  0.0  1.0  2.0  3.0  4.0  0.0         6197.428
 8.876501380D+04-1.071231500D+02 2.362188287D+00 2.916720081D-04-1.729515100D-07
 4.012657880D-11-2.677227571D-15                 5.697351330D+04 4.865231506D+00
   6000.000  20000.0007 -2.0 -1.0  0.0  1.0  2.0  3.0  4.0  0.0         6197.428
 5.475181050D+08-3.107574980D+05 6.916782740D+01-6.847988130D-03 3.827572400D-07
-1.098367709D-11 1.277986024D-16                 2.550585618D+06-5.848769753D+02
NO                Gurvich,1978,1989 pt1 p326 pt2 p203.                          
 3 tpis89 N   1.00O   1.00    0.00    0.00    0.00 0   30.0061000      91271.310
    200.000   1000.0007 -2.0 -1.0  0.0  1.0  2.0  3.0  4.0  0.0         9179.110
-1.143916503D+04 1.536467592D+02 3.431468730D+00-2.668592368D-03 8.481399120D-06
-7.685111050D-09 2.386797655D-12                 9.098214410D+03 6.728725490D+00
   1000.000   6000.0007 -2.0 -1.0  0.0  1.0  2.0  3.0  4.0  0.0         9179.110
 2.239018716D+05-1.289651623D+03 5.433936030D+00-3.656034900D-04 9.880966450D-08
-1.416076856D-11 9.380184620D-16                 1.750317656D+04-8.501669090D+00
   6000.000  20000.0007 -2.0 -1.0  0.0  1.0  2.0  3.0  4.0  0.0         9179.110
-9.575303540D+08 5.912434480D+05-1.384566826D+02 1.694339403D-02-1.007351096D-06
 2.912584076D-11-3.295109350D-16                -4.677501240D+06 1.242081216D+03
N2                Ref-Elm. Gurvich,1978 pt1 p280 pt2 p207.                      
 3 tpis78 N   2.00    0.00    0.00    0.00    0.00 0   28.0134000          0.000
    200.000   1000.0007 -2.0 -1.0  0.0  1.0  2.0  3.0  4.0  0.0         8670.104
 2.210371497D+04-3.818461820D+02 6.082738360D+00-8.530914410D-03 1.384646189D-05
-9.625793620D-09 2.519705809D-12                 7.108460860D+02-1.076003744D+01
   1000.000   6000.0007 -2.0 -1.0  0.0  1.0  2.0  3.0  4.0  0.0         8670.104
 5.877124060D+05-2.239249073D+03 6.066949220D+00-6.139685500D-04 1.491806679D-07
-1.923105485D-11 1.061954386D-15                 1.283210415D+04-1.586640027D+01
   6000.000  20000.0007 -2.0 -1.0  0.0  1.0  2.0  3.0  4.0  0.0         8670.104
 8.310139160D+08-6.420733540D+05 2.020264635D+02-3.065092046D-02 2.486903333D-06
-9.705954110D-11 1.437538881D-15                 4.938707040D+06-1.672099740D+03
O                 D0(O2):Brix,1954. Moore,1976. Gordon,1999.                    
 3 g 5/97 O   1.00    0.00    0.00    0.00    0.00 0   15.9994000     249175.003
    200.000   1000.0007 -2.0 -1.0  0.0  1.0  2.0  3.0  4.0  0.0         6725.403
-7.953611300D+03 1.607177787D+02 1.966226438D+00 1.013670310D-03-1.110415423D-06
 6.517507500D-10-1.584779251D-13                 2.840362437D+04 8.404241820D+00
   1000.000   6000.0007 -2.0 -1.0  0.0  1.0  2.0  3.0  4.0  0.0         6725.403
 2.619020262D+05-7.298722030D+02 3.317177270D+00-4.281334360D-04 1.036104594D-07
-9.438304330D-12 2.725038297D-16                 3.392428060D+04-6.679585350D-01
   6000.000  20000.0007 -2.0 -1.0  0.0  1.0  2.0  3.0  4.0  0.0         6725.403
 1.779004264D+08-1.082328257D+05 2.810778365D+01-2.975232262D-03 1.854997534D-07
-5.796231540D-12 7.191720164D-17                 8.890942630D+05-2.181728151D+02
OH                      Partition fit by JES 14-Jul-2018 12:50:05
 2         H  1.00 O  1.00    0.00    0.00    0.00 0     17.00730  37300.00000
    200.000  1500.000 7 -2.0 -1.0  0.0  1.0  2.0  3.0  4.0  0.0            0.000
  0.00000000E+00  0.00000000E+00  3.56459631E+00 -3.11219951E-04  3.37475748E-07
  2.08899340E-10 -1.18059526E-13  0.00000000E+00  3.43387005E+03  1.90458280E+00
   1500.000  6000.000 7 -2.0 -1.0  0.0  1.0  2.0  3.0  4.0  0.0            0.000
  0.00000000E+00  0.00000000E+00  2.63797626E+00  1.36745850E-03 -4.07716539E-07
  6.24481716E-11 -3.57899074E-15  0.00000000E+00  3.78511313E+03  7.02135122E+00
O2                Ref-Elm. Gurvich,1989 pt1 p94 pt2 p9.                         
 3 tpis89 O   2.00    0.00    0.00    0.00    0.00 0   31.9988000          0.000
    200.000   1000.0007 -2.0 -1.0  0.0  1.0  2.0  3.0  4.0  0.0         8680.104
-3.425563420D+04 4.847000970D+02 1.119010961D+00 4.293889240D-03-6.836300520D-07
-2.023372700D-09 1.039040018D-12                -3.391454870D+03 1.849699470D+01
   1000.000   6000.0007 -2.0 -1.0  0.0  1.0  2.0  3.0  4.0  0.0         8680.104
-1.037939022D+06 2.344830282D+03 1.819732036D+00 1.267847582D-03-2.188067988D-07
 2.053719572D-11-8.193467050D-16                -1.689010929D+04 1.738716506D+01
   6000.000  20000.0007 -2.0 -1.0  0.0  1.0  2.0  3.0  4.0  0.0         8680.104
 4.975294300D+08-2.866106874D+05 6.690352250D+01-6.169959020D-03 3.016396027D-07
-7.421416600D-12 7.278175770D-17                 2.293554027D+06-5.530621610D+02
OH*                     Partition fit by JES 14-Jul-2018 12:49:16
 2         H  1.00 O  1.00    0.00    0.00    0.00 0     17.00730 428290.00000
    200.000  1500.000 7 -2.0 -1.0  0.0  1.0  2.0  3.0  4.0  0.0            0.000
  0.00000000E+00  0.00000000E+00  3.66109869E+00 -9.79456212E-04  1.78354820E-06
 -7.68428401E-10  1.00625336E-13  0.00000000E+00  5.04491534E+04  8.95237048E-01
   1500.000  6000.000 7 -2.0 -1.0  0.0  1.0  2.0  3.0  4.0  0.0            0.000
  0.00000000E+00  0.00000000E+00  2.82384689E+00  1.26941983E-03 -3.30833058E-07
  4.47202686E-11 -2.69934189E-15  0.00000000E+00  5.06815075E+04  5.23958687E+00
HE                      Ref-Elm. Moore NSRDS-NBS 35 1971; NSRDS-NBS 34 1970.          
 3 g 5/97 He  1.00    0.00    0.00    0.00    0.00 0    4.0026020          0.000
    200.000   1000.0007 -2.0 -1.0  0.0  1.0  2.0  3.0  4.0  0.0         6197.428
 0.000000000D+00 0.000000000D+00 2.500000000D+00 0.000000000D+00 0.000000000D+00
 0.000000000D+00 0.000000000D+00                -7.453750000D+02 9.287239740D-01
   1000.000   6000.0007 -2.0 -1.0  0.0  1.0  2.0  3.0  4.0  0.0         6197.428
 0.000000000D+00 0.000000000D+00 2.500000000D+00 0.000000000D+00 0.000000000D+00
 0.000000000D+00 0.000000000D+00                -7.453750000D+02 9.287239740D-01
   6000.000  20000.0007 -2.0 -1.0  0.0  1.0  2.0  3.0  4.0  0.0         6197.428
 3.396845420D+06-2.194037652D+03 3.080231878D+00-8.068957550D-05 6.252784910D-09
-2.574990067D-13 4.429960218D-18                 1.650518960D+04-4.048814390D+00
END
