thermo nasa9
    200.00   1000.00   6000.00  20000.    3/19/02
e-                Ref-Species. Chase,1998 3/82.                                 
 3 g12/98 E   1.00    0.00    0.00    0.00    0.00 0.000548579903          0.000
    298.150   1000.0007 -2.0 -1.0  0.0  1.0  2.0  3.0  4.0  0.0         6197.428
 0.000000000D+00 0.000000000D+00 2.500000000D+00 0.000000000D+00 0.000000000D+00
 0.000000000D+00 0.000000000D+00                -7.453750000D+02-1.172081224D+01
   1000.000   6000.0007 -2.0 -1.0  0.0  1.0  2.0  3.0  4.0  0.0         6197.428
 0.000000000D+00 0.000000000D+00 2.500000000D+00 0.000000000D+00 0.000000000D+00
 0.000000000D+00 0.000000000D+00                -7.453750000D+02-1.172081224D+01
   6000.000  20000.0007 -2.0 -1.0  0.0  1.0  2.0  3.0  4.0  0.0         6197.428
 0.000000000D+00 0.000000000D+00 2.500000000D+00 0.000000000D+00 0.000000000D+00
 0.000000000D+00 0.000000000D+00                -7.453750000D+02-1.172081224D+01
N                 Hf:Cox,1989. Moore,1975. Gordon,1999.                         
 3 g 5/97 N   1.00    0.00    0.00    0.00    0.00 0   14.0067000     472680.000
    200.000   1000.0007 -2.0 -1.0  0.0  1.0  2.0  3.0  4.0  0.0         6197.428
 0.000000000D+00 0.000000000D+00 2.500000000D+00 0.000000000D+00 0.000000000D+00
 0.000000000D+00 0.000000000D+00                 5.610463780D+04 4.193905036D+00
   1000.000   6000.0007 -2.0 -1.0  0.0  1.0  2.0  3.0  4.0  0.0         6197.428
 8.876501380D+04-1.071231500D+02 2.362188287D+00 2.916720081D-04-1.729515100D-07
 4.012657880D-11-2.677227571D-15                 5.697351330D+04 4.865231506D+00
   6000.000  20000.0007 -2.0 -1.0  0.0  1.0  2.0  3.0  4.0  0.0         6197.428
 5.475181050D+08-3.107574980D+05 6.916782740D+01-6.847988130D-03 3.827572400D-07
-1.098367709D-11 1.277986024D-16                 2.550585618D+06-5.848769753D+02
N+                Moore,1975. Gordon,1999.                                      
 3 g 6/97 N   1.00E  -1.00    0.00    0.00    0.00 0   14.0061514    1882127.624
    298.150   1000.0007 -2.0 -1.0  0.0  1.0  2.0  3.0  4.0  0.0         7116.524
 5.237079210D+03 2.299958315D+00 2.487488821D+00 2.737490756D-05-3.134447576D-08
 1.850111332D-11-4.447350984D-15                 2.256284738D+05 5.076830786D+00
   1000.000   6000.0007 -2.0 -1.0  0.0  1.0  2.0  3.0  4.0  0.0         7116.524
 2.904970374D+05-8.557908610D+02 3.477389290D+00-5.288267190D-04 1.352350307D-07
-1.389834122D-11 5.046166279D-16                 2.310809984D+05-1.994146545D+00
   6000.000  20000.0007 -2.0 -1.0  0.0  1.0  2.0  3.0  4.0  0.0         7116.524
 1.646092148D+07-1.113165218D+04 4.976986640D+00-2.005393583D-04 1.022481356D-08
-2.691430863D-13 3.539931593D-18                 3.136284696D+05-1.706646380D+01
NO                Gurvich,1978,1989 pt1 p326 pt2 p203.                          
 3 tpis89 N   1.00O   1.00    0.00    0.00    0.00 0   30.0061000      91271.310
    200.000   1000.0007 -2.0 -1.0  0.0  1.0  2.0  3.0  4.0  0.0         9179.110
-1.143916503D+04 1.536467592D+02 3.431468730D+00-2.668592368D-03 8.481399120D-06
-7.685111050D-09 2.386797655D-12                 9.098214410D+03 6.728725490D+00
   1000.000   6000.0007 -2.0 -1.0  0.0  1.0  2.0  3.0  4.0  0.0         9179.110
 2.239018716D+05-1.289651623D+03 5.433936030D+00-3.656034900D-04 9.880966450D-08
-1.416076856D-11 9.380184620D-16                 1.750317656D+04-8.501669090D+00
   6000.000  20000.0007 -2.0 -1.0  0.0  1.0  2.0  3.0  4.0  0.0         9179.110
-9.575303540D+08 5.912434480D+05-1.384566826D+02 1.694339403D-02-1.007351096D-06
 2.912584076D-11-3.295109350D-16                -4.677501240D+06 1.242081216D+03
NO+               Cp,S,IP(NO): Gurvich,1989 pt1 p330 pt2 p205.                  
 3 g 5/99 N   1.00O   1.00E  -1.00    0.00    0.00 0   30.0055514     990809.704
    298.150   1000.0007 -2.0 -1.0  0.0  1.0  2.0  3.0  4.0  0.0         8670.104
 1.398106635D+03-1.590446941D+02 5.122895400D+00-6.394388620D-03 1.123918342D-05
-7.988581260D-09 2.107383677D-12                 1.187495132D+05-4.398433810D+00
   1000.000   6000.0007 -2.0 -1.0  0.0  1.0  2.0  3.0  4.0  0.0         8670.104
 6.069876900D+05-2.278395427D+03 6.080324670D+00-6.066847580D-04 1.432002611D-07
-1.747990522D-11 8.935014060D-16                 1.322709615D+05-1.519880037D+01
   6000.000  20000.0007 -2.0 -1.0  0.0  1.0  2.0  3.0  4.0  0.0         8670.104
 2.676400347D+09-1.832948690D+06 5.099249390D+02-7.113819280D-02 5.317659880D-06
-1.963208212D-10 2.805268230D-15                 1.443308939D+07-4.324044462D+03
N2                Ref-Elm. Gurvich,1978 pt1 p280 pt2 p207.                      
 3 tpis78 N   2.00    0.00    0.00    0.00    0.00 0   28.0134000          0.000
    200.000   1000.0007 -2.0 -1.0  0.0  1.0  2.0  3.0  4.0  0.0         8670.104
 2.210371497D+04-3.818461820D+02 6.082738360D+00-8.530914410D-03 1.384646189D-05
-9.625793620D-09 2.519705809D-12                 7.108460860D+02-1.076003744D+01
   1000.000   6000.0007 -2.0 -1.0  0.0  1.0  2.0  3.0  4.0  0.0         8670.104
 5.877124060D+05-2.239249073D+03 6.066949220D+00-6.139685500D-04 1.491806679D-07
-1.923105485D-11 1.061954386D-15                 1.283210415D+04-1.586640027D+01
   6000.000  20000.0007 -2.0 -1.0  0.0  1.0  2.0  3.0  4.0  0.0         8670.104
 8.310139160D+08-6.420733540D+05 2.020264635D+02-3.065092046D-02 2.486903333D-06
-9.705954110D-11 1.437538881D-15                 4.938707040D+06-1.672099740D+03
N2+               Gurvich,1989 pt1 p323 pt2 p200.                               
 3 tpis89 N   2.00E  -1.00    0.00    0.00    0.00 0   28.0128514    1509508.424
    298.150   1000.0007 -2.0 -1.0  0.0  1.0  2.0  3.0  4.0  0.0         8671.100
-3.474047470D+04 2.696222703D+02 3.164916370D+00-2.132239781D-03 6.730476400D-06
-5.637304970D-09 1.621756000D-12                 1.790004424D+05 6.832974166D+00
   1000.000   6000.0007 -2.0 -1.0  0.0  1.0  2.0  3.0  4.0  0.0         8671.100
-2.845599002D+06 7.058893030D+03-2.884886385D+00 3.068677059D-03-4.361652310D-07
 2.102514545D-11 5.411996470D-16                 1.340388483D+05 5.090897022D+01
   6000.000  20000.0007 -2.0 -1.0  0.0  1.0  2.0  3.0  4.0  0.0         8671.100
-3.712829770D+08 3.139287234D+05-9.603518050D+01 1.571193286D-02-1.175065525D-06
 4.144441230D-11-5.621893090D-16                -2.217361867D+06 8.436270947D+02
O                 D0(O2):Brix,1954. Moore,1976. Gordon,1999.                    
 3 g 5/97 O   1.00    0.00    0.00    0.00    0.00 0   15.9994000     249175.003
    200.000   1000.0007 -2.0 -1.0  0.0  1.0  2.0  3.0  4.0  0.0         6725.403
-7.953611300D+03 1.607177787D+02 1.966226438D+00 1.013670310D-03-1.110415423D-06
 6.517507500D-10-1.584779251D-13                 2.840362437D+04 8.404241820D+00
   1000.000   6000.0007 -2.0 -1.0  0.0  1.0  2.0  3.0  4.0  0.0         6725.403
 2.619020262D+05-7.298722030D+02 3.317177270D+00-4.281334360D-04 1.036104594D-07
-9.438304330D-12 2.725038297D-16                 3.392428060D+04-6.679585350D-01
   6000.000  20000.0007 -2.0 -1.0  0.0  1.0  2.0  3.0  4.0  0.0         6725.403
 1.779004264D+08-1.082328257D+05 2.810778365D+01-2.975232262D-03 1.854997534D-07
-5.796231540D-12 7.191720164D-17                 8.890942630D+05-2.181728151D+02
O+                Martin,W.C.,1993. Gordon,1999.                                
 3 g 8/97 O   1.00E  -1.00    0.00    0.00    0.00 0   15.9988514    1568787.228
    298.150   1000.0007 -2.0 -1.0  0.0  1.0  2.0  3.0  4.0  0.0         6197.428
 0.000000000D+00 0.000000000D+00 2.500000000D+00 0.000000000D+00 0.000000000D+00
 0.000000000D+00 0.000000000D+00                 1.879352842D+05 4.393376760D+00
   1000.000   6000.0007 -2.0 -1.0  0.0  1.0  2.0  3.0  4.0  0.0         6197.428
-2.166513208D+05 6.665456150D+02 1.702064364D+00 4.714992810D-04-1.427131823D-07
 2.016595903D-11-9.107157762D-16                 1.837191966D+05 1.005690382D+01
   6000.000  20000.0007 -2.0 -1.0  0.0  1.0  2.0  3.0  4.0  0.0         6197.428
-2.143835383D+08 1.469518523D+05-3.680864540D+01 5.036164540D-03-3.087873854D-07
 9.186834870D-12-1.074163268D-16                -9.614208960D+05 3.426193080D+02
O2                Ref-Elm. Gurvich,1989 pt1 p94 pt2 p9.                         
 3 tpis89 O   2.00    0.00    0.00    0.00    0.00 0   31.9988000          0.000
    200.000   1000.0007 -2.0 -1.0  0.0  1.0  2.0  3.0  4.0  0.0         8680.104
-3.425563420D+04 4.847000970D+02 1.119010961D+00 4.293889240D-03-6.836300520D-07
-2.023372700D-09 1.039040018D-12                -3.391454870D+03 1.849699470D+01
   1000.000   6000.0007 -2.0 -1.0  0.0  1.0  2.0  3.0  4.0  0.0         8680.104
-1.037939022D+06 2.344830282D+03 1.819732036D+00 1.267847582D-03-2.188067988D-07
 2.053719572D-11-8.193467050D-16                -1.689010929D+04 1.738716506D+01
   6000.000  20000.0007 -2.0 -1.0  0.0  1.0  2.0  3.0  4.0  0.0         8680.104
 4.975294300D+08-2.866106874D+05 6.690352250D+01-6.169959020D-03 3.016396027D-07
-7.421416600D-12 7.278175770D-17                 2.293554027D+06-5.530621610D+02
O2+               Gurvich,1989 pt1 p98 pt2 p11.                                 
 3 tpis89 O   2.00E  -1.00    0.00    0.00    0.00 0   31.9982514    1171828.436
    298.150   1000.0007 -2.0 -1.0  0.0  1.0  2.0  3.0  4.0  0.0         9311.112
-8.607205450D+04 1.051875934D+03-5.432380470D-01 6.571166540D-03-3.274263750D-06
 5.940645340D-11 3.238784790D-13                 1.345544668D+05 2.902709750D+01
   1000.000   6000.0007 -2.0 -1.0  0.0  1.0  2.0  3.0  4.0  0.0         9311.112
 7.384654880D+04-8.459559540D+02 4.985164160D+00-1.611010890D-04 6.427083990D-08
-1.504939874D-11 1.578465409D-15                 1.446321044D+05-5.811230650D+00
   6000.000  20000.0007 -2.0 -1.0  0.0  1.0  2.0  3.0  4.0  0.0         9311.112
-1.562125524D+09 1.161406778D+06-3.302504720D+02 4.710937520D-02-3.354461380D-06
 1.167968599D-10-1.589754791D-15                -8.857866270D+06 2.852035602D+03
AR                Ref-Elm. Spec: NSRDS-NBS 35 1971.                             
 3 g 3/98 Ar  1.00    0.00    0.00    0.00    0.00 0   39.9480000          0.000
    200.000   1000.0007 -2.0 -1.0  0.0  1.0  2.0  3.0  4.0  0.0         6197.428
 0.000000000D+00 0.000000000D+00 2.500000000D+00 0.000000000D+00 0.000000000D+00
 0.000000000D+00 0.000000000D+00                -7.453750000D+02 4.379674910D+00
   1000.000   6000.0007 -2.0 -1.0  0.0  1.0  2.0  3.0  4.0  0.0         6197.428
 2.010538475D+01-5.992661070D-02 2.500069401D+00-3.992141160D-08 1.205272140D-11
-1.819015576D-15 1.078576636D-19                -7.449939610D+02 4.379180110D+00
   6000.000  20000.0007 -2.0 -1.0  0.0  1.0  2.0  3.0  4.0  0.0         6197.428
-9.951265080D+08 6.458887260D+05-1.675894697D+02 2.319933363D-02-1.721080911D-06
 6.531938460D-11-9.740147729D-16                -5.078300340D+06 1.465298484D+03
AR+               Levels: NSRDS-NBS 35 1971; IP:NSRDS-NBS 34 1970.              
 3 g 3/97 Ar  1.00E  -1.00    0.00    0.00    0.00 0   39.9474514    1526778.407
    298.150   1000.0007 -2.0 -1.0  0.0  1.0  2.0  3.0  4.0  0.0         6205.988
-5.731209170D+04 7.930791470D+02-1.717121217D+00 1.044184018D-02-1.180207501D-05
 6.528134780D-09-1.447558130D-12                 1.790572230D+05 2.949150950D+01
   1000.000   6000.0007 -2.0 -1.0  0.0  1.0  2.0  3.0  4.0  0.0         6205.988
-3.835965400D+05 8.162019700D+02 2.301342628D+00-4.952983770D-06 1.205108477D-08
-2.185050286D-12 1.265493898D-16                 1.771811455D+05 7.947507480D+00
   6000.000  20000.0007 -2.0 -1.0  0.0  1.0  2.0  3.0  4.0  0.0         6205.988
 1.017372837D+07-6.685104100D+03 4.460953790D+00-3.034165287D-04 2.623479563D-08
-1.205115834D-12 2.303806883D-17                 2.354353541D+05-1.044519298D+01
CO2               Props & Hf298: TPIS v2,pt1,1991,p27.                          
 3 g 7/88 C   1.00O   2.00    0.00    0.00    0.00 0   44.0095000    -393510.000
    200.000   1000.0007 -2.0 -1.0  0.0  1.0  2.0  3.0  4.0  0.0         9365.469
 4.943783640D+04-6.264292080D+02 5.301813360D+00 2.503600571D-03-2.124700099D-07
-7.691486800D-10 2.849979913D-13                -4.528189860D+04-7.048790100D+00
   1000.000   6000.0007 -2.0 -1.0  0.0  1.0  2.0  3.0  4.0  0.0         9365.469
 1.176969434D+05-1.788801467D+03 8.291543530D+00-9.224778310D-05 4.869635410D-09
-1.892063841D-12 6.330675090D-16                -3.908345010D+04-2.652683962D+01
   6000.000  20000.0007 -2.0 -1.0  0.0  1.0  2.0  3.0  4.0  0.0         9365.469
-1.544406228D+09 1.016836139D+06-2.561377096D+02 3.369363930D-02-2.181157911D-06
 6.991324850D-11-8.842212140D-16                -8.043128500D+06 2.254153243D+03
CO2+              Cons&Hf0: TPIS,v2,pt1,1991,p30.                               
 3 g10/92 C   1.00O   2.00E  -1.00    0.00    0.00 0   44.0089514     944684.912
    298.150   1000.0007 -2.0 -1.0  0.0  1.0  2.0  3.0  4.0  0.0        10566.089
-7.383068120D+04 1.086218050D+03-2.771150320D+00 2.318474130D-02-2.570255360D-05
 1.450346070D-08-3.334499340D-12                 1.071780920D+05 4.054904945D+01
   1000.000   6000.0007 -2.0 -1.0  0.0  1.0  2.0  3.0  4.0  0.0        10566.089
-1.695114960D+05-8.066262300D+02 8.002802110D+00-1.577046370D-04 2.566205510D-08
-2.403303040D-12 1.676899420D-16                 1.154384480D+05-2.133550265D+01
   6000.000  20000.0007 -2.0 -1.0  0.0  1.0  2.0  3.0  4.0  0.0        10566.089
-8.363802520D+07 5.332328580D+04-5.619197890D+00 1.491117690D-03-7.551013120D-08
 1.793856660D-12-1.626371090D-17                -3.111131390D+05 9.671722525D+01
CO                Props & Hf298: TPIS vo2,pt2,1979,p29.                         
 3 tpis79 C   1.00O   1.00    0.00    0.00    0.00 0   28.0101000    -110530.000
    200.000   1000.0007 -2.0 -1.0  0.0  1.0  2.0  3.0  4.0  0.0         8671.000
 1.489027557D+04-2.922250947D+02 5.724458410D+00-8.176136940D-03 1.456885983D-05
-1.087733246D-08 3.027905485D-12                -1.303069697D+04-7.859179282D+00
   1000.000   6000.0007 -2.0 -1.0  0.0  1.0  2.0  3.0  4.0  0.0         8671.000
 4.619158560D+05-1.944685748D+03 5.916647090D+00-5.664234070D-04 1.398802571D-07
-1.787664983D-11 9.620850400D-16                -2.465738441D+03-1.387402604D+01
   6000.000  20000.0007 -2.0 -1.0  0.0  1.0  2.0  3.0  4.0  0.0         8671.000
 8.868552410D+08-7.500285410D+05 2.495444488D+02-3.956302990D-02 3.297732100D-06
-1.318393976D-10 1.998913781D-15                 5.701351240D+06-2.060679613D+03
CO+               Props and Hf0: TPIS,v2,pt2,1991,p22.                          
 3 tpis91 C   1.00O   1.00E  -1.00    0.00    0.00 0   28.0095514    1247790.876
    298.150   1000.0007 -2.0 -1.0  0.0  1.0  2.0  3.0  4.0  0.0         8671.000
-2.178739990D+04 1.288818190D+02 3.769022890D+00-3.431713910D-03 8.193879110D-06
-6.463757900D-09 1.803711430D-12                 1.482348250D+05 3.990405688D+00
   1000.000   6000.0007 -2.0 -1.0  0.0  1.0  2.0  3.0  4.0  0.0         8671.000
 2.316816600D+05-1.057632630D+03 4.554202310D+00 4.495469340D-04-2.489477820D-07
 5.267503910D-11-3.289471100D-15                 1.555052030D+05-3.873442982D+00
   6000.000  20000.0007 -2.0 -1.0  0.0  1.0  2.0  3.0  4.0  0.0         8671.000
-3.035557230D+08 2.393083920D+05-7.034901960D+01 1.139536280D-02-8.315064010D-07
 2.863668140D-11-3.803219840D-16                -1.688590830D+06 6.291893329D+02
HE                Ref-Elm. Moore NSRDS-NBS 35 1971; NSRDS-NBS 34 1970.          
 3 g 5/97 He  1.00    0.00    0.00    0.00    0.00 0    4.0026020          0.000
    200.000   1000.0007 -2.0 -1.0  0.0  1.0  2.0  3.0  4.0  0.0         6197.428
 0.000000000D+00 0.000000000D+00 2.500000000D+00 0.000000000D+00 0.000000000D+00
 0.000000000D+00 0.000000000D+00                -7.453750000D+02 9.287239740D-01
   1000.000   6000.0007 -2.0 -1.0  0.0  1.0  2.0  3.0  4.0  0.0         6197.428
 0.000000000D+00 0.000000000D+00 2.500000000D+00 0.000000000D+00 0.000000000D+00
 0.000000000D+00 0.000000000D+00                -7.453750000D+02 9.287239740D-01
   6000.000  20000.0007 -2.0 -1.0  0.0  1.0  2.0  3.0  4.0  0.0         6197.428
 3.396845420D+06-2.194037652D+03 3.080231878D+00-8.068957550D-05 6.252784910D-09
-2.574990067D-13 4.429960218D-18                 1.650518960D+04-4.048814390D+00
HE+               Moore NSRDS-NBS 35 1971; NSRDS-NBS 34 1970. Cp/R=2.5          
 3 g 3/97 He  1.00E  -1.00    0.00    0.00    0.00 0    4.0020534    2378521.473
    298.150   1000.0007 -2.0 -1.0  0.0  1.0  2.0  3.0  4.0  0.0         6197.428
 0.000000000D+00 0.000000000D+00 2.500000000D+00 0.000000000D+00 0.000000000D+00
 0.000000000D+00 0.000000000D+00                 2.853233739D+05 1.621665557D+00
   1000.000   6000.0007 -2.0 -1.0  0.0  1.0  2.0  3.0  4.0  0.0         6197.428
 0.000000000D+00 0.000000000D+00 2.500000000D+00 0.000000000D+00 0.000000000D+00
 0.000000000D+00 0.000000000D+00                 2.853233739D+05 1.621665557D+00
   6000.000  20000.0007 -2.0 -1.0  0.0  1.0  2.0  3.0  4.0  0.0         6197.428
 0.000000000D+00 0.000000000D+00 2.500000000D+00 0.000000000D+00 0.000000000D+00
 0.000000000D+00 0.000000000D+00                 2.853233739D+05 1.621665557D+00
C                 Hf:CJP v33 1955 p125. NSRDS-NBS 3 sec3 1970.                  
 3 g 7/97 C   1.00    0.00    0.00    0.00    0.00 0   12.0107000     716680.000
    200.000   1000.0007 -2.0 -1.0  0.0  1.0  2.0  3.0  4.0  0.0         6535.895
 6.495031470D+02-9.649010860D-01 2.504675479D+00-1.281448025D-05 1.980133654D-08
-1.606144025D-11 5.314483411D-15                 8.545763110D+04 4.747924288D+00
   1000.000   6000.0007 -2.0 -1.0  0.0  1.0  2.0  3.0  4.0  0.0         6535.895
-1.289136472D+05 1.719528572D+02 2.646044387D+00-3.353068950D-04 1.742092740D-07
-2.902817829D-11 1.642182385D-15                 8.410597850D+04 4.130047418D+00
   6000.000  20000.0007 -2.0 -1.0  0.0  1.0  2.0  3.0  4.0  0.0         6535.895
 4.432528010D+08-2.886018412D+05 7.737108320D+01-9.715281890D-03 6.649595330D-07
-2.230078776D-11 2.899388702D-16                 2.355273444D+06-6.405123160D+02
C+                Spec: NSRDS-NBS 3 sec3 1970.                                  
 3 g 6/98 C   1.00E  -1.00    0.00    0.00    0.00 0   12.0101514    1809444.482
    298.150   1000.0007 -2.0 -1.0  0.0  1.0  2.0  3.0  4.0  0.0         6649.282
 2.258535929D+03-1.574575687D+00 2.503637730D+00-5.202878370D-06 4.516908390D-09
-2.181431053D-12 4.495047033D-16                 2.168951913D+05 4.345699505D+00
   1000.000   6000.0007 -2.0 -1.0  0.0  1.0  2.0  3.0  4.0  0.0         6649.282
 1.255112551D+04-3.411874670D+01 2.543383218D+00-2.805120849D-05 9.751641970D-09
-1.736855394D-12 1.246191931D-16                 2.171001786D+05 4.063913515D+00
   6000.000  20000.0007 -2.0 -1.0  0.0  1.0  2.0  3.0  4.0  0.0         6649.282
 5.618135320D+05-6.047058900D+03 5.884541470D+00-7.211894530D-04 6.823484110D-08
-2.599878590D-12 3.633868358D-17                 2.581370458D+05-2.280019759D+01
CN                Props:TPIS v2 pt2 1991. Hf:JPC v96 1992 p425.                 
 3 g 3/96 C   1.00N   1.00    0.00    0.00    0.00 0   26.0174400     438683.448
    200.000   1000.0007 -2.0 -1.0  0.0  1.0  2.0  3.0  4.0  0.0         8672.000
 3.949101750D+03-1.391573871D+02 4.930776040D+00-6.304594730D-03 1.256821364D-05
-9.878181750D-09 2.843103040D-12                 5.228454700D+04-2.763114588D+00
   1000.000   6000.0007 -2.0 -1.0  0.0  1.0  2.0  3.0  4.0  0.0         8672.000
-2.227976079D+06 5.040664450D+03-2.121794479D-01 1.354881217D-03 1.325922767D-07
-6.936934000D-11 5.494891620D-15                 1.784542332D+04 3.282515520D+01
   6000.000  20000.0007 -2.0 -1.0  0.0  1.0  2.0  3.0  4.0  0.0         8672.000
-1.794773071D+08 1.054331428D+05-1.729598876D+01 2.194863831D-03-8.508801680D-08
 9.318468300D-13 6.358214080D-18                -7.962476450D+05 1.913112387D+02
C2                Gurvich et.al.1991,v2,pt1,pp9-14,pt2,pp8-9.8/93               
 3 tpis91 C   2.00    0.00    0.00    0.00    0.00 0   24.0214000     830457.000
    200.000   1000.0007 -2.0 -1.0  0.0  1.0  2.0  3.0  4.0  0.0        10169.000
 5.559567570D+05-9.980006220D+03 6.681539910D+01-1.743411727D-01 2.448493560D-04
-1.703447061D-07 4.684471300D-11                 1.445863861D+05-3.448188920D+02
   1000.000   6000.0007 -2.0 -1.0  0.0  1.0  2.0  3.0  4.0  0.0        10169.000
-9.688909570D+05 3.560990200D+03-5.063511690D-01 2.945092805D-03-7.139289080D-07
 8.670470060D-11-4.076816700D-15                 7.681860000D+04 3.339896056D+01
   6000.000  20000.0007 -2.0 -1.0  0.0  1.0  2.0  3.0  4.0  0.0        10169.000
 6.316167420D+06 1.365344126D+04-3.996723210D+00 1.937523033D-03-1.584418225D-07
 5.520765550D-12-7.253609690D-17                 9.392905260D+03 6.614126766D+01
CN+               Props & Hf0: TPIS v2,pt2,1991,p203.                           
 3 tpis91 C   1.00N   1.00E  -1.00    0.00    0.00 0   26.0168914    1800490.876
    298.150   1000.0007 -2.0 -1.0  0.0  1.0  2.0  3.0  4.0  0.0         8682.000
-8.302801010D+05 8.775572030D+03-2.977403223D+01 4.976826600D-02-1.302196808D-05
-2.058309431D-08 1.126832679D-11                 1.705790877D+05 2.039891361D+02
   1000.000   6000.0007 -2.0 -1.0  0.0  1.0  2.0  3.0  4.0  0.0         8682.000
-7.153374510D+06 1.857227457D+04-1.084520530D+01 6.106605260D-03-1.191193565D-06
 1.184833689D-10-4.799776870D-15                 9.262041240D+04 1.135326165D+02
   6000.000  20000.0007 -2.0 -1.0  0.0  1.0  2.0  3.0  4.0  0.0         8682.000
-1.812946307D+08 1.128804516D+05-2.287308390D+01 3.484585730D-03-2.209762556D-07
 6.579765390D-12-7.556495860D-17                -6.784208570D+05 2.362633451D+02
C2+               Gurvich et.al. Vol 2, Pt 2, 1991, p 10.                       
 3 tpis91 C   2.00E  -1.00    0.00    0.00    0.00 0   24.0208514    2004775.428
    298.150   1000.0007 -2.0 -1.0  0.0  1.0  2.0  3.0  4.0  0.0         8685.000
-9.913336660D+04 1.347158072D+03-3.476728100D+00 1.676413196D-02-1.865890595D-05
 1.091124814D-08-2.434893253D-12                 2.335455402D+05 4.406593746D+01
   1000.000   6000.0007 -2.0 -1.0  0.0  1.0  2.0  3.0  4.0  0.0         8685.000
 3.836171460D+06-6.241787120D+03 2.779000370D+00 6.065908790D-03-2.452804002D-06
 3.882944100D-10-2.190640357D-14                 2.857429114D+05 7.311800550D-01
   6000.000  20000.0007 -2.0 -1.0  0.0  1.0  2.0  3.0  4.0  0.0         8685.000
 4.993341380D+07-2.017683043D+04 6.343044090D+00 6.368816330D-04-1.036683912D-07
 4.943005480D-12-7.988437020D-17                 4.121156150D+05-2.113730774D+01
END


