thermo nasa9
   200.000  1000.000  6000.000 20000.000   9/09/04
HE                Ref-Elm. Moore NSRDS-NBS 35 1971; NSRDS-NBS 34 1970.          
 3 g 5/97 He  1.00    0.00    0.00    0.00    0.00 0    4.0026020          0.000
    200.000   1000.0007 -2.0 -1.0  0.0  1.0  2.0  3.0  4.0  0.0         6197.428
 0.000000000D+00 0.000000000D+00 2.500000000D+00 0.000000000D+00 0.000000000D+00
 0.000000000D+00 0.000000000D+00                -7.453750000D+02 9.287239740D-01
   1000.000   6000.0007 -2.0 -1.0  0.0  1.0  2.0  3.0  4.0  0.0         6197.428
 0.000000000D+00 0.000000000D+00 2.500000000D+00 0.000000000D+00 0.000000000D+00
 0.000000000D+00 0.000000000D+00                -7.453750000D+02 9.287239740D-01
   6000.000  20000.0007 -2.0 -1.0  0.0  1.0  2.0  3.0  4.0  0.0         6197.428
 3.396845420D+06-2.194037652D+03 3.080231878D+00-8.068957550D-05 6.252784910D-09
-2.574990067D-13 4.429960218D-18                 1.650518960D+04-4.048814390D+00
AR                Ref-Elm. Moore,1971. Gordon,1999.
 3 g 3/98 Ar  1.00    0.00    0.00    0.00    0.00 0   39.9480000          0.000
    200.000   1000.0007 -2.0 -1.0  0.0  1.0  2.0  3.0  4.0  0.0         6197.428
 0.000000000D+00 0.000000000D+00 2.500000000D+00 0.000000000D+00 0.000000000D+00
 0.000000000D+00 0.000000000D+00                -7.453750000D+02 4.379674910D+00
   1000.000   6000.0007 -2.0 -1.0  0.0  1.0  2.0  3.0  4.0  0.0         6197.428
 2.010538475D+01-5.992661070D-02 2.500069401D+00-3.992141160D-08 1.205272140D-11
-1.819015576D-15 1.078576636D-19                -7.449939610D+02 4.379180110D+00
   6000.000  20000.0007 -2.0 -1.0  0.0  1.0  2.0  3.0  4.0  0.0         6197.428
-9.951265080D+08 6.458887260D+05-1.675894697D+02 2.319933363D-02-1.721080911D-06
 6.531938460D-11-9.740147729D-16                -5.078300340D+06 1.465298484D+03
H                 D0(H2):JMolSpc,v33 1970 p147. NSRDS-NBS 3 SEC 6 1972.         
 3 g 6/97 H   1.00    0.00    0.00    0.00    0.00 0    1.0079400     217998.828
    200.000   1000.0007 -2.0 -1.0  0.0  1.0  2.0  3.0  4.0  0.0         6197.428
 0.000000000D+00 0.000000000D+00 2.500000000D+00 0.000000000D+00 0.000000000D+00
 0.000000000D+00 0.000000000D+00                 2.547370801D+04-4.466828530D-01
   1000.000   6000.0007 -2.0 -1.0  0.0  1.0  2.0  3.0  4.0  0.0         6197.428
 6.078774250D+01-1.819354417D-01 2.500211817D+00-1.226512864D-07 3.732876330D-11
-5.687744560D-15 3.410210197D-19                 2.547486398D+04-4.481917770D-01
   6000.000  20000.0007 -2.0 -1.0  0.0  1.0  2.0  3.0  4.0  0.0         6197.428
 2.173757694D+08-1.312035403D+05 3.399174200D+01-3.813999680D-03 2.432854837D-07
-7.694275540D-12 9.644105630D-17                 1.067638086D+06-2.742301051D+02
O                 D0(O2):Brix,1954. Moore,1976. Gordon,1999.
 3 g 5/97 O   1.00    0.00    0.00    0.00    0.00 0   15.9994000     249175.003
    200.000   1000.0007 -2.0 -1.0  0.0  1.0  2.0  3.0  4.0  0.0         6725.403
-7.953611300D+03 1.607177787D+02 1.966226438D+00 1.013670310D-03-1.110415423D-06
 6.517507500D-10-1.584779251D-13                 2.840362437D+04 8.404241820D+00
   1000.000   6000.0007 -2.0 -1.0  0.0  1.0  2.0  3.0  4.0  0.0         6725.403
 2.619020262D+05-7.298722030D+02 3.317177270D+00-4.281334360D-04 1.036104594D-07
-9.438304330D-12 2.725038297D-16                 3.392428060D+04-6.679585350D-01
   6000.000  20000.0007 -2.0 -1.0  0.0  1.0  2.0  3.0  4.0  0.0         6725.403
 1.779004264D+08-1.082328257D+05 2.810778365D+01-2.975232262D-03 1.854997534D-07
-5.796231540D-12 7.191720164D-17                 8.890942630D+05-2.181728151D+02
O2                Ref-Elm. Gurvich,1989 pt1 p94 pt2 p9.
 3 tpis89 O   2.00    0.00    0.00    0.00    0.00 0   31.9988000          0.000
    200.000   1000.0007 -2.0 -1.0  0.0  1.0  2.0  3.0  4.0  0.0         8680.104
-3.425563420D+04 4.847000970D+02 1.119010961D+00 4.293889240D-03-6.836300520D-07
-2.023372700D-09 1.039040018D-12                -3.391454870D+03 1.849699470D+01
   1000.000   6000.0007 -2.0 -1.0  0.0  1.0  2.0  3.0  4.0  0.0         8680.104
-1.037939022D+06 2.344830282D+03 1.819732036D+00 1.267847582D-03-2.188067988D-07
 2.053719572D-11-8.193467050D-16                -1.689010929D+04 1.738716506D+01
   6000.000  20000.0007 -2.0 -1.0  0.0  1.0  2.0  3.0  4.0  0.0         8680.104
 4.975294300D+08-2.866106874D+05 6.690352250D+01-6.169959020D-03 3.016396027D-07
-7.421416600D-12 7.278175770D-17                 2.293554027D+06-5.530621610D+02
HO2               Hills JCP 1984 v81 p4458. Jacox JPCRD 1988 v17 p303.          
 2 g 5/99 H   1.00O   2.00    0.00    0.00    0.00 0   33.0067400      12552.000
    200.000   1000.0007 -2.0 -1.0  0.0  1.0  2.0  3.0  4.0  0.0        10002.162
-7.598882540D+04 1.329383918D+03-4.677388240D+00 2.508308202D-02-3.006551588D-05
 1.895600056D-08-4.828567390D-12                -5.809366430D+03 5.193602140D+01
   1000.000   6000.0007 -2.0 -1.0  0.0  1.0  2.0  3.0  4.0  0.0        10002.162
-1.810669724D+06 4.963192030D+03-1.039498992D+00 4.560148530D-03-1.061859447D-06
 1.144567878D-10-4.763064160D-15                -3.194418740D+04 4.066850920D+01
H2                Hydrogen. TPIS, v1, pt2, 1978, pp31-32.                       
 3 tpis78 H   2.00    0.00    0.00    0.00    0.00 0    2.0158800          0.000
    200.000   1000.0007 -2.0 -1.0  0.0  1.0  2.0  3.0  4.0  0.0         8468.102
 4.078322810D+04-8.009185450D+02 8.214701670D+00-1.269714360D-02 1.753604930D-05
-1.202860160D-08 3.368093160D-12                 2.682484380D+03-3.043788660D+01
   1000.000   6000.0007 -2.0 -1.0  0.0  1.0  2.0  3.0  4.0  0.0         8468.102
 5.608123380D+05-8.371491340D+02 2.975363040D+00 1.252249930D-03-3.740718420D-07
 5.936628250D-11-3.606995730D-15                 5.339815850D+03-2.202764050D+00
   6000.000  20000.0007 -2.0 -1.0  0.0  1.0  2.0  3.0  4.0  0.0         8468.102
 4.966716130D+08-3.147448120D+05 7.983887500D+01-8.414504190D-03 4.753060440D-07
-1.371809730D-11 1.605374600D-16                 2.488354660D+06-6.695524190D+02
H2O               CODATA 1989. JRNBS 1987 v92 p35. TRC tuv-25 10/88.
 2 g 8/89 H   2.00O   1.00    0.00    0.00    0.00 0   18.0152800    -241826.000
    200.000  1000.000 7 -2.0 -1.0  0.0  1.0  2.0  3.0  4.0  0.0         9904.092
-3.947960830D+04 5.755731020D+02 9.317826530D-01 7.222712860D-03-7.342557370D-06
 4.955043490D-09-1.336933246D-12 0.000000000D+00-3.303974310D+04 1.724205775D+01
   1000.000  6000.000 7 -2.0 -1.0  0.0  1.0  2.0  3.0  4.0  0.0         9904.092
 1.034972096D+06-2.412698562D+03 4.646110780D+00 2.291998307D-03-6.836830480D-07
 9.426468930D-11-4.822380530D-15 0.000000000D+00-1.384286509D+04-7.978148510D+00
H2O2              Cons:TPIS 1978 v1 pt1 p121.Hf:TPIS 1989 v1 pt1 p127.        
 2 g 6/99 H   2.00O   2.00    0.00    0.00    0.00 0   34.0146800    -135880.000
    200.000  1000.000 7 -2.0 -1.0  0.0  1.0  2.0  3.0  4.0  0.0        11158.835
-9.279533580D+04 1.564748385D+03-5.976460140D+00 3.270744520D-02-3.932193260D-05
 2.509255235D-08-6.465045290D-12 0.000000000D+00-2.494004728D+04 5.877174180D+01
   1000.000  6000.000 7 -2.0 -1.0  0.0  1.0  2.0  3.0  4.0  0.0        11158.835
 1.489428027D+06-5.170821780D+03 1.128204970D+01-8.042397790D-05-1.818383769D-08
 6.947265590D-12-4.827831900D-16 0.000000000D+00 1.418251038D+04-4.650855660D+01
OH                TPIS 1978 pt1 p110; pt2 p37.                            
 3 tpis78 O   1.00H   1.00    0.00    0.00    0.00 0   17.0073400      39344.106
    200.000  1000.000 7 -2.0 -1.0  0.0  1.0  2.0  3.0  4.0  0.0         8813.106
-1.998858990D+03 9.300136160D+01 3.050854229D+00 1.529529288D-03-3.157890998D-06
 3.315446180D-09-1.138762683D-12 0.000000000D+00 3.239683480D+03 4.674110790D+00
   1000.000  6000.000 7 -2.0 -1.0  0.0  1.0  2.0  3.0  4.0  0.0         8813.106
 1.017393379D+06-2.509957276D+03 5.116547860D+00 1.305299930D-04-8.284322260D-08
 2.006475941D-11-1.556993656D-15 0.000000000D+00 2.044487130D+04-1.101282337D+01
   6000.000 20000.000 7 -2.0 -1.0  0.0  1.0  2.0  3.0  4.0  0.0         8813.106
 2.847234193D+08-1.859532612D+05 5.008240900D+01-5.142374980D-03 2.875536589D-07
-8.228817960D-12 9.567229020D-17 0.000000000D+00 1.468642377D+06-4.023555580D+02
END
