thermo nasa9
   200.000  1000.000  6000.000 20000.000   9/09/04
N2                TPIS 1978 v1 pt2 p207.                                        
 3 tpis78 N   2.00    0.00    0.00    0.00    0.00 0   28.0134800          0.000
    200.000   1000.0007 -2.0 -1.0  0.0  1.0  2.0  3.0  4.0  0.0         8670.104
 2.210371497D+04-3.818461820D+02 6.082738360D+00-8.530914410D-03 1.384646189D-05
-9.625793620D-09 2.519705809D-12                 7.108460860D+02-1.076003316D+01
   1000.000   6000.0007 -2.0 -1.0  0.0  1.0  2.0  3.0  4.0  0.0         8670.104
 5.877124060D+05-2.239249073D+03 6.066949220D+00-6.139685500D-04 1.491806679D-07
-1.923105485D-11 1.061954386D-15                 1.283210415D+04-1.586639599D+01
   6000.000  20000.0007 -2.0 -1.0  0.0  1.0  2.0  3.0  4.0  0.0         8670.104
 8.310139160D+08-6.420733540D+05 2.020264635D+02-3.065092046D-02 2.486903333D-06
-9.705954110D-11 1.437538881D-15                 4.938707040D+06-1.672099736D+03
NO                D0,Props: TPIS 1978,1989 v1 pt1 p326; pt2 p203.               
 3 tpis89 N   1.00O   1.00    0.00    0.00    0.00 0   30.0061400      91271.310
    200.000   1000.0007 -2.0 -1.0  0.0  1.0  2.0  3.0  4.0  0.0         9179.110
-1.143916503D+04 1.536467592D+02 3.431468730D+00-2.668592368D-03 8.481399120D-06
-7.685111050D-09 2.386797655D-12                 9.098214410D+03 6.728727490D+00
   1000.000   6000.0007 -2.0 -1.0  0.0  1.0  2.0  3.0  4.0  0.0         9179.110
 2.239018716D+05-1.289651623D+03 5.433936030D+00-3.656034900D-04 9.880966450D-08
-1.416076856D-11 9.380184620D-16                 1.750317656D+04-8.501667090D+00
   6000.000  20000.0007 -2.0 -1.0  0.0  1.0  2.0  3.0  4.0  0.0         9179.110
-9.575303540D+08 5.912434480D+05-1.384566826D+02 1.694339403D-02-1.007351096D-06
 2.912584076D-11-3.295109350D-16                -4.677501240D+06 1.242081218D+03
N                 Hf:CODATA1989. Spec:NSRDS-NBS 3 sec5 1975.                    
 3 g 5/97 N   1.00    0.00    0.00    0.00    0.00 0   14.0067400     472680.000
    200.000   1000.0007 -2.0 -1.0  0.0  1.0  2.0  3.0  4.0  0.0         6197.428
 0.000000000D+00 0.000000000D+00 2.500000000D+00 0.000000000D+00 0.000000000D+00
 0.000000000D+00 0.000000000D+00                 5.610463780D+04 4.193909320D+00
   1000.000   6000.0007 -2.0 -1.0  0.0  1.0  2.0  3.0  4.0  0.0         6197.428
 8.876501380D+04-1.071231500D+02 2.362188287D+00 2.916720081D-04-1.729515100D-07
 4.012657880D-11-2.677227571D-15                 5.697351330D+04 4.865235790D+00
   6000.000  20000.0007 -2.0 -1.0  0.0  1.0  2.0  3.0  4.0  0.0         6197.428
 5.475181050D+08-3.107574980D+05 6.916782740D+01-6.847988130D-03 3.827572400D-07
-1.098367709D-11 1.277986024D-16                 2.550585618D+06-5.848769710D+02
CO2               Props & Hf298: TPIS v2,pt1,1991,p27.                          
 3 g 7/88 C   1.00O   2.00    0.00    0.00    0.00 0   44.0095000    -393510.000
    200.000   1000.0007 -2.0 -1.0  0.0  1.0  2.0  3.0  4.0  0.0         9365.469
 4.943783640D+04-6.264292080D+02 5.301813360D+00 2.503600571D-03-2.124700099D-07
-7.691486800D-10 2.849979913D-13                -4.528189860D+04-7.048790100D+00
   1000.000   6000.0007 -2.0 -1.0  0.0  1.0  2.0  3.0  4.0  0.0         9365.469
 1.176969434D+05-1.788801467D+03 8.291543530D+00-9.224778310D-05 4.869635410D-09
-1.892063841D-12 6.330675090D-16                -3.908345010D+04-2.652683962D+01
   6000.000  20000.0007 -2.0 -1.0  0.0  1.0  2.0  3.0  4.0  0.0         9365.469
-1.544406228D+09 1.016836139D+06-2.561377096D+02 3.369363930D-02-2.181157911D-06
 6.991324850D-11-8.842212140D-16                -8.043128500D+06 2.254153243D+03
CO                Props & Hf298: TPIS vo2,pt2,1979,p29.                         
 3 tpis79 C   1.00O   1.00    0.00    0.00    0.00 0   28.0101000    -110530.000
    200.000   1000.0007 -2.0 -1.0  0.0  1.0  2.0  3.0  4.0  0.0         8671.000
 1.489027557D+04-2.922250947D+02 5.724458410D+00-8.176136940D-03 1.456885983D-05
-1.087733246D-08 3.027905485D-12                -1.303069697D+04-7.859179282D+00
   1000.000   6000.0007 -2.0 -1.0  0.0  1.0  2.0  3.0  4.0  0.0         8671.000
 4.619158560D+05-1.944685748D+03 5.916647090D+00-5.664234070D-04 1.398802571D-07
-1.787664983D-11 9.620850400D-16                -2.465738441D+03-1.387402604D+01
   6000.000  20000.0007 -2.0 -1.0  0.0  1.0  2.0  3.0  4.0  0.0         8671.000
 8.868552410D+08-7.500285410D+05 2.495444488D+02-3.956302990D-02 3.297732100D-06
-1.318393976D-10 1.998913781D-15                 5.701351240D+06-2.060679613D+03
C2H2             TPIS 1978. DelH - TRC w-3040, 10/31/88.                       
 2 g 1/91 C   2.00H   2.00    0.00    0.00    0.00 0   26.0372800     228200.000
    200.000   1000.0007 -2.0 -1.0  0.0  1.0  2.0  3.0  4.0  0.0        10005.839
 1.598133250D+05-2.216675050D+03 1.265725610D+01-7.980170140D-03 8.055801510D-06
-2.433944610D-09-7.509454610D-14                 3.712633790D+04-5.244440564D+01
   1000.000   6000.0007 -2.0 -1.0  0.0  1.0  2.0  3.0  4.0  0.0        10005.839
 1.713792120D+06-5.928970950D+03 1.236115640D+01 1.314706250D-04-1.362869040D-07
 2.712746060D-11-1.302086850D-15                 6.266489730D+04-5.818872934D+01
C2H4              JPCRD v4,75,p251. Ch.Phys,v98,85,p1. Hf298:TRCw-2600 4/88.    
 2 g 1/91 C   2.00H   4.00    0.00    0.00    0.00 0   28.0531600      52500.000
    200.000   1000.0007 -2.0 -1.0  0.0  1.0  2.0  3.0  4.0  0.0        10518.689
-1.163613270D+05 2.554860520D+03-1.609750300D+01 6.625786370D-02-7.885086390D-05
 5.125223790D-08-1.370338460D-11                -6.176236060D+03 1.093340298D+02
   1000.000   6000.0007 -2.0 -1.0  0.0  1.0  2.0  3.0  4.0  0.0        10518.689
 3.408725120D+06-1.374836420D+04 2.365884830D+01-2.423728560D-03 4.431169150D-07
-4.352348400D-11 1.775218290D-15                 8.820356340D+04-1.371268982D+02
CH4               Cons & Hf298: TPIS v2,pt1,1991.                               
 2 g 8/88 C   1.00H   4.00    0.00    0.00    0.00 0   16.0424600     -74600.000
    200.000   1000.0007 -2.0 -1.0  0.0  1.0  2.0  3.0  4.0  0.0        10016.198
-1.766545730D+05 2.785477820D+03-1.201935470D+01 3.914625880D-02-3.611656080D-05
 2.018387940D-08-4.955772150D-12                -2.331011560D+04 8.901075390D+01
   1000.000   6000.0007 -2.0 -1.0  0.0  1.0  2.0  3.0  4.0  0.0        10016.198
 3.746265700D+06-1.388851340D+04 2.054029820D+01-1.944196930D-03 4.323871450D-07
-4.061012780D-11 1.643159270D-15                 7.565988680D+04-1.222977672D+02
C3H8              TRC w1350,10/85. JPCRD V2,NO2,1973,P427.                      
 2 g 6/90 C   3.00H   8.00    0.00    0.00    0.00 0   44.0956200    -104680.000
    200.000   1000.0007 -2.0 -1.0  0.0  1.0  2.0  3.0  4.0  0.0        14742.059
-2.431722550D+05 4.653455400D+03-2.937377870D+01 1.188288030D-01-1.375333190D-04
 8.807975650D-08-2.341112880D-11                -3.539084140D+04 1.840640638D+02
   1000.000   6000.0007 -2.0 -1.0  0.0  1.0  2.0  3.0  4.0  0.0        14742.059
 6.421429170D+06-2.660017570D+04 4.534512970D+01-5.021256480D-03 9.472478000D-07
-9.576809280D-11 4.010308060D-15                 1.455729810D+05-2.818493672D+02
C6H14             TRC tuvw-1440,4/85. JCP v60 n8,p3144,1974. W extrap.          
 2 g 6/96 C   6.00H  14.00    0.00    0.00    0.00 0   86.1753600    -166920.000
    200.000   1000.0007 -2.0 -1.0  0.0  1.0  2.0  3.0  4.0  0.0        28702.000
-5.815926540D+05 1.079097705D+04-6.633946920D+01 2.523715124D-01-2.904344659D-04
 1.802201480D-07-4.617223580D-11                -7.271544480D+04 3.938282854D+02
   1000.000   6000.0007 -2.0 -1.0  0.0  1.0  2.0  3.0  4.0  0.0        28702.000
 1.795732742D+07-6.681221210D+04 1.062781853D+02-2.260964619D-02 5.738738360D-06
-7.345701080D-10 3.705109780D-14                 3.840326600D+05-6.912454836D+02
CH                Props & Hf0: TPIS,v2,pt2,1979.                                
 3 tpis79 C   1.00H   1.00    0.00    0.00    0.00 0   13.0186400     597338.000
    200.000   1000.0007 -2.0 -1.0  0.0  1.0  2.0  3.0  4.0  0.0         8625.000
 2.220564134D+04-3.405371750D+02 5.531386410D+00-5.794896390D-03 7.969461730D-06
-4.465859890D-09 9.596228840D-13                 7.240390520D+04-9.107636130D+00
   1000.000   6000.0007 -2.0 -1.0  0.0  1.0  2.0  3.0  4.0  0.0         8625.000
 2.060733772D+06-5.396129640D+03 7.856187940D+00-7.965757980D-04 1.764273769D-07
-1.976345857D-11 5.030286680D-16                 1.062192450D+05-3.154718017D+01
   6000.000  20000.0007 -2.0 -1.0  0.0  1.0  2.0  3.0  4.0  0.0         8625.000
-8.068267550D+08 4.575393220D+05-9.843851280D+01 1.235228588D-02-8.485502230D-07
 3.040372611D-11-4.400260280D-16                -3.595809570D+06 8.953364358D+02
END
