thermo nasa9
   200.000  1000.000  6000.000 20000.000   9/09/04
AR                Ref-Elm. Moore,1971. Gordon,1999.
 3 g 3/98 Ar  1.00    0.00    0.00    0.00    0.00 0   39.9480000          0.000
    200.000   1000.0007 -2.0 -1.0  0.0  1.0  2.0  3.0  4.0  0.0         6197.428
 0.000000000D+00 0.000000000D+00 2.500000000D+00 0.000000000D+00 0.000000000D+00
 0.000000000D+00 0.000000000D+00                -7.453750000D+02 4.379674910D+00
   1000.000   6000.0007 -2.0 -1.0  0.0  1.0  2.0  3.0  4.0  0.0         6197.428
 2.010538475D+01-5.992661070D-02 2.500069401D+00-3.992141160D-08 1.205272140D-11
-1.819015576D-15 1.078576636D-19                -7.449939610D+02 4.379180110D+00
   6000.000  20000.0007 -2.0 -1.0  0.0  1.0  2.0  3.0  4.0  0.0         6197.428
-9.951265080D+08 6.458887260D+05-1.675894697D+02 2.319933363D-02-1.721080911D-06
 6.531938460D-11-9.740147729D-16                -5.078300340D+06 1.465298484D+03
N                 Hf:Cox,1989. Moore,1975. Gordon,1999.
 3 g 5/97 N   1.00    0.00    0.00    0.00    0.00 0   14.0067000     472680.000
    200.000   1000.0007 -2.0 -1.0  0.0  1.0  2.0  3.0  4.0  0.0         6197.428
 0.000000000D+00 0.000000000D+00 2.500000000D+00 0.000000000D+00 0.000000000D+00
 0.000000000D+00 0.000000000D+00                 5.610463780D+04 4.193905036D+00
   1000.000   6000.0007 -2.0 -1.0  0.0  1.0  2.0  3.0  4.0  0.0         6197.428
 8.876501380D+04-1.071231500D+02 2.362188287D+00 2.916720081D-04-1.729515100D-07
 4.012657880D-11-2.677227571D-15                 5.697351330D+04 4.865231506D+00
   6000.000  20000.0007 -2.0 -1.0  0.0  1.0  2.0  3.0  4.0  0.0         6197.428
 5.475181050D+08-3.107574980D+05 6.916782740D+01-6.847988130D-03 3.827572400D-07
-1.098367709D-11 1.277986024D-16                 2.550585618D+06-5.848769753D+02
NO                Gurvich,1978,1989 pt1 p326 pt2 p203.
 3 tpis89 N   1.00O   1.00    0.00    0.00    0.00 0   30.0061000      91271.310
    200.000   1000.0007 -2.0 -1.0  0.0  1.0  2.0  3.0  4.0  0.0         9179.110
-1.143916503D+04 1.536467592D+02 3.431468730D+00-2.668592368D-03 8.481399120D-06
-7.685111050D-09 2.386797655D-12                 9.098214410D+03 6.728725490D+00
   1000.000   6000.0007 -2.0 -1.0  0.0  1.0  2.0  3.0  4.0  0.0         9179.110
 2.239018716D+05-1.289651623D+03 5.433936030D+00-3.656034900D-04 9.880966450D-08
-1.416076856D-11 9.380184620D-16                 1.750317656D+04-8.501669090D+00
   6000.000  20000.0007 -2.0 -1.0  0.0  1.0  2.0  3.0  4.0  0.0         9179.110
-9.575303540D+08 5.912434480D+05-1.384566826D+02 1.694339403D-02-1.007351096D-06
 2.912584076D-11-3.295109350D-16                -4.677501240D+06 1.242081216D+03
N2                Ref-Elm. Gurvich,1978 pt1 p280 pt2 p207.
 3 tpis78 N   2.00    0.00    0.00    0.00    0.00 0   28.0134000          0.000
    200.000   1000.0007 -2.0 -1.0  0.0  1.0  2.0  3.0  4.0  0.0         8670.104
 2.210371497D+04-3.818461820D+02 6.082738360D+00-8.530914410D-03 1.384646189D-05
-9.625793620D-09 2.519705809D-12                 7.108460860D+02-1.076003744D+01
   1000.000   6000.0007 -2.0 -1.0  0.0  1.0  2.0  3.0  4.0  0.0         8670.104
 5.877124060D+05-2.239249073D+03 6.066949220D+00-6.139685500D-04 1.491806679D-07
-1.923105485D-11 1.061954386D-15                 1.283210415D+04-1.586640027D+01
   6000.000  20000.0007 -2.0 -1.0  0.0  1.0  2.0  3.0  4.0  0.0         8670.104
 8.310139160D+08-6.420733540D+05 2.020264635D+02-3.065092046D-02 2.486903333D-06
-9.705954110D-11 1.437538881D-15                 4.938707040D+06-1.672099740D+03
O                 D0(O2):Brix,1954. Moore,1976. Gordon,1999.
 3 g 5/97 O   1.00    0.00    0.00    0.00    0.00 0   15.9994000     249175.003
    200.000   1000.0007 -2.0 -1.0  0.0  1.0  2.0  3.0  4.0  0.0         6725.403
-7.953611300D+03 1.607177787D+02 1.966226438D+00 1.013670310D-03-1.110415423D-06
 6.517507500D-10-1.584779251D-13                 2.840362437D+04 8.404241820D+00
   1000.000   6000.0007 -2.0 -1.0  0.0  1.0  2.0  3.0  4.0  0.0         6725.403
 2.619020262D+05-7.298722030D+02 3.317177270D+00-4.281334360D-04 1.036104594D-07
-9.438304330D-12 2.725038297D-16                 3.392428060D+04-6.679585350D-01
   6000.000  20000.0007 -2.0 -1.0  0.0  1.0  2.0  3.0  4.0  0.0         6725.403
 1.779004264D+08-1.082328257D+05 2.810778365D+01-2.975232262D-03 1.854997534D-07
-5.796231540D-12 7.191720164D-17                 8.890942630D+05-2.181728151D+02
O2                Ref-Elm. Gurvich,1989 pt1 p94 pt2 p9.
 3 tpis89 O   2.00    0.00    0.00    0.00    0.00 0   31.9988000          0.000
    200.000   1000.0007 -2.0 -1.0  0.0  1.0  2.0  3.0  4.0  0.0         8680.104
-3.425563420D+04 4.847000970D+02 1.119010961D+00 4.293889240D-03-6.836300520D-07
-2.023372700D-09 1.039040018D-12                -3.391454870D+03 1.849699470D+01
   1000.000   6000.0007 -2.0 -1.0  0.0  1.0  2.0  3.0  4.0  0.0         8680.104
-1.037939022D+06 2.344830282D+03 1.819732036D+00 1.267847582D-03-2.188067988D-07
 2.053719572D-11-8.193467050D-16                -1.689010929D+04 1.738716506D+01
   6000.000  20000.0007 -2.0 -1.0  0.0  1.0  2.0  3.0  4.0  0.0         8680.104
 4.975294300D+08-2.866106874D+05 6.690352250D+01-6.169959020D-03 3.016396027D-07
-7.421416600D-12 7.278175770D-17                 2.293554027D+06-5.530621610D+02
CO                Props & Hf298: TPIS vo2,pt2,1979,p29.                         
 3 tpis79 C   1.00O   1.00    0.00    0.00    0.00 0   28.0101000    -110530.000
    200.000   1000.0007 -2.0 -1.0  0.0  1.0  2.0  3.0  4.0  0.0         8671.000
 1.489027557D+04-2.922250947D+02 5.724458410D+00-8.176136940D-03 1.456885983D-05
-1.087733246D-08 3.027905485D-12                -1.303069697D+04-7.859179282D+00
   1000.000   6000.0007 -2.0 -1.0  0.0  1.0  2.0  3.0  4.0  0.0         8671.000
 4.619158560D+05-1.944685748D+03 5.916647090D+00-5.664234070D-04 1.398802571D-07
-1.787664983D-11 9.620850400D-16                -2.465738441D+03-1.387402604D+01
   6000.000  20000.0007 -2.0 -1.0  0.0  1.0  2.0  3.0  4.0  0.0         8671.000
 8.868552410D+08-7.500285410D+05 2.495444488D+02-3.956302990D-02 3.297732100D-06
-1.318393976D-10 1.998913781D-15                 5.701351240D+06-2.060679613D+03
CO2               Props & Hf298: TPIS v2,pt1,1991,p27.                          
 3 g 7/88 C   1.00O   2.00    0.00    0.00    0.00 0   44.0095000    -393510.000
    200.000   1000.0007 -2.0 -1.0  0.0  1.0  2.0  3.0  4.0  0.0         9365.469
 4.943783640D+04-6.264292080D+02 5.301813360D+00 2.503600571D-03-2.124700099D-07
-7.691486800D-10 2.849979913D-13                -4.528189860D+04-7.048790100D+00
   1000.000   6000.0007 -2.0 -1.0  0.0  1.0  2.0  3.0  4.0  0.0         9365.469
 1.176969434D+05-1.788801467D+03 8.291543530D+00-9.224778310D-05 4.869635410D-09
-1.892063841D-12 6.330675090D-16                -3.908345010D+04-2.652683962D+01
   6000.000  20000.0007 -2.0 -1.0  0.0  1.0  2.0  3.0  4.0  0.0         9365.469
-1.544406228D+09 1.016836139D+06-2.561377096D+02 3.369363930D-02-2.181157911D-06
 6.991324850D-11-8.842212140D-16                -8.043128500D+06 2.254153243D+03
CN                Props:TPIS v2 pt2 1991. Hf:JPC v96 1992 p425.                 
 3 g 3/96 C   1.00N   1.00    0.00    0.00    0.00 0   26.0174400     438683.448
    200.000   1000.0007 -2.0 -1.0  0.0  1.0  2.0  3.0  4.0  0.0         8672.000
 3.949101750D+03-1.391573871D+02 4.930776040D+00-6.304594730D-03 1.256821364D-05
-9.878181750D-09 2.843103040D-12                 5.228454700D+04-2.763114588D+00
   1000.000   6000.0007 -2.0 -1.0  0.0  1.0  2.0  3.0  4.0  0.0         8672.000
-2.227976079D+06 5.040664450D+03-2.121794479D-01 1.354881217D-03 1.325922767D-07
-6.936934000D-11 5.494891620D-15                 1.784542332D+04 3.282515520D+01
   6000.000  20000.0007 -2.0 -1.0  0.0  1.0  2.0  3.0  4.0  0.0         8672.000
-1.794773071D+08 1.054331428D+05-1.729598876D+01 2.194863831D-03-8.508801680D-08
 9.318468300D-13 6.358214080D-18                -7.962476450D+05 1.913112387D+02
C                 Hf:CJP v33 1955 p125. NSRDS-NBS 3 sec3 1970.                  
 3 g 7/97 C   1.00    0.00    0.00    0.00    0.00 0   12.0107000     716680.000
    200.000   1000.0007 -2.0 -1.0  0.0  1.0  2.0  3.0  4.0  0.0         6535.895
 6.495031470D+02-9.649010860D-01 2.504675479D+00-1.281448025D-05 1.980133654D-08
-1.606144025D-11 5.314483411D-15                 8.545763110D+04 4.747924288D+00
   1000.000   6000.0007 -2.0 -1.0  0.0  1.0  2.0  3.0  4.0  0.0         6535.895
-1.289136472D+05 1.719528572D+02 2.646044387D+00-3.353068950D-04 1.742092740D-07
-2.902817829D-11 1.642182385D-15                 8.410597850D+04 4.130047418D+00
   6000.000  20000.0007 -2.0 -1.0  0.0  1.0  2.0  3.0  4.0  0.0         6535.895
 4.432528010D+08-2.886018412D+05 7.737108320D+01-9.715281890D-03 6.649595330D-07
-2.230078776D-11 2.899388702D-16                 2.355273444D+06-6.405123160D+02
C2                Gurvich et.al.1991,v2,pt1,pp9-14,pt2,pp8-9.8/93               
 3 tpis91 C   2.00    0.00    0.00    0.00    0.00 0   24.0214000     830457.000
    200.000   1000.0007 -2.0 -1.0  0.0  1.0  2.0  3.0  4.0  0.0        10169.000
 5.559567570D+05-9.980006220D+03 6.681539910D+01-1.743411727D-01 2.448493560D-04
-1.703447061D-07 4.684471300D-11                 1.445863861D+05-3.448188920D+02
   1000.000   6000.0007 -2.0 -1.0  0.0  1.0  2.0  3.0  4.0  0.0        10169.000
-9.688909570D+05 3.560990200D+03-5.063511690D-01 2.945092805D-03-7.139289080D-07
 8.670470060D-11-4.076816700D-15                 7.681860000D+04 3.339896056D+01
   6000.000  20000.0007 -2.0 -1.0  0.0  1.0  2.0  3.0  4.0  0.0        10169.000
 6.316167420D+06 1.365344126D+04-3.996723210D+00 1.937523033D-03-1.584418225D-07
 5.520765550D-12-7.253609690D-17                 9.392905260D+03 6.614126766D+01
END
